# alr doctor P2 syscall sweep — raw blocked set
#
# device   Samsung SM-S937N (Galaxy S25 Edge), Snapdragon 8 Elite SM8750 (ro.board.platform=sun)
# android  16, SELinux Enforcing
# kernel   6.6.98-android15-8-pd6ff1cd-abogkiS937NKSS9CZG3-4k aarch64
# context  uid=10447  u:r:untrusted_app_27:s0  Seccomp=2
# date     2026-08-03
# result   239 of 468 syscalls blocked (SIGSYS / SYS_SECCOMP)
#
# One syscall number per line, ascending.  Produced by:
#   ./scripts/dev-push.sh doctor | scripts/sweep-extract.sh
# Diff two devices with: scripts/diff-sweep.sh a.txt b.txt
18
39
40
42
51
58
89
99
100
104
105
106
112
116
143
144
145
146
149
151
152
159
161
162
170
171
180
181
182
183
184
185
186
187
188
189
190
191
192
193
194
195
196
197
202
217
218
219
224
225
234
235
236
237
238
239
244
245
246
247
248
249
250
251
252
253
254
255
256
257
258
259
262
263
264
265
266
272
273
288
289
290
292
293
294
295
296
297
298
299
300
301
302
303
304
305
306
307
308
309
310
311
312
313
314
315
316
317
318
319
320
321
322
323
324
325
326
327
328
329
330
331
332
333
334
335
336
337
338
339
340
341
342
343
344
345
346
347
348
349
350
351
352
353
354
355
356
357
358
359
360
361
362
363
364
365
366
367
368
369
370
371
372
373
374
375
376
377
378
379
380
381
382
383
384
385
386
387
388
389
390
391
392
393
394
395
396
397
398
399
400
401
402
403
404
405
406
407
408
409
410
411
412
413
414
415
416
417
418
419
420
421
422
423
425
426
427
428
429
430
431
432
433
442
443
447
449
450
451
453
454
455
456
457
458
459
460
461
467
